1.07533427909220
5.40425180585948
-1.09749228875061
6.72434664073624
7.06540657658335
5.04506783857923
7.79306999323302
10.0821751409364
17.0048714095736
15.5388740597698
7.14830364980904
15.4667731405228
10.1110624877366
7.53433468481047
7.85736190451759
4.59006788340045
3.17191273682407
4.71587699224024
2.81806897960096
1.09790305018992
-2.07720716604052
-7.41497384537007
-4.99339879420771
-4.39997385286032
-7.68246649722081
-7.32754018802336
-8.39430726335560
-10.6068818495720
-9.26033459592876
-10.9714918153764
-6.88346277432910
-9.95458464512809
-8.56561701320146
-6.61899738884975
-9.30876975724649
1.14027880896089
0.650381078912393
0.226625138329892
6.16079851344715
1.57696716229260
6.22339120469440
7.17755034797506
9.29866751617539
10.0226434011339
8.11831769547317
9.93989740760746
9.51831949170401
10.6523407829165
10.8467853759234
9.87899102641858
4.70057045288798
5.15471818226085
0.991967346025869
-0.490519706304206
-0.0136986562066925
1.32877883990020
-4.95953326076404
-4.25724237447989
-6.87904490140789
-5.42573215356084
-10.8383826279489
-9.33181127952914
-8.74302348789763
-7.79877956423827
-6.75965373911418
-9.22506394150824
-11.6434346591196
-9.14504810570950
-8.55103956350538
-0.299085551995915
-4.65140519619048
-0.240328209261336
-0.384837021176532
3.51370262751076
1.89050296012093
2.19546206132247
3.58312424668240
8.63683225090965
8.30550372460673
9.00481923224442
12.6866978314072
10.5831687479684
10.2436996370508
12.5723243878072
7.05132212514530
9.05369326288900
8.09805242701076
4.51256971924410
3.85154160606420
-0.595206086294790
-2.29590555779718
-1.52673234463633
-1.97569336880667
0.170982505232494
-7.76165743826815
-7.28578238203189
-8.82524288858630
-13.2629720435611
-10.7260098379916
-13.5893576829102
-8.16732647061428
-11.1729903725171
-8.46006837156574
-8.74950229117090
-5.82083450756668
-6.20065312426747
-2.44027079090883
-0.257755529460361
3.42377556596310
1.34823470515276
-0.856509105623201
3.32082250532676
9.13706475287467
5.51613385442127
10.5821617773255
9.64502580786546
12.7214707755600
6.07820000126993
9.45268107817379
6.98123523733950
14.4762700993031
9.31088221964678
9.18582005269862
2.88363948402528
2.48297027105548
1.19154295816894
2.19684923577725
-2.29222564224457
-2.01711851693011
-9.10363259982229
-7.13557609241425
-9.30761748150347
-11.8143680834428
-8.38097690604718
-9.28410940278096
-9.93304023551110
-12.5154334169783
-7.14194165117590
-7.95989521663776
-8.25857649185577
-6.38209651136214
-5.52399086993219
-6.92062617015027
-2.30778371985997
-1.66273302313526
-0.221930833665347
1.10739812192870
3.93288578136801
2.42260462509926
9.58890327645302
9.70037424075529
9.35687050457400
9.77853535806512
8.40367283087172
11.8854480943792
9.13049124884363
7.23119371027009
10.3632159680431
5.97833398476023
3.82194193855840
2.83269423778590
0.0406292893934797
-2.24025660248744
3.31551760756733
-0.109206247481982
-4.38492968152348
-8.94211281556946
-9.39138049229940
-9.01332226630728
-7.81409408460181
-12.5120863727526
-14.6597343116102
-12.7462721157996
-8.72990454172747
-7.87754682897858
-6.75708559333333
-6.68844540315687
-4.63262180827612
-4.37250746649484
-0.0124385535554696
-2.72338894174152
2.64654088955792
1.72278267338939
4.33022612207189
7.53344278875448
9.73862573819966
6.42497667131396
11.9182436261009
11.1683638122160
9.86426889291463
9.45763513432458
8.96171350757273
8.05403879514089
7.70653568003999
6.53045680856297
6.65212558042320
6.47415480672347
2.67031064803872
-0.419426676777495
-0.486101062494037
-3.05374690725376
-7.05953508713323
-4.52943243460330
-7.04632059289636
-8.38990415364548
-8.36643353680938
-9.32526488201130
-11.8829715419109
-10.1727528757297
-9.68903547652215
-9.72427679146203
-4.29623724186345
-8.17933478918549
-5.96763010022022
-4.84421053131154
-4.08490643958298
-0.384479035078564
1.18834131680405
6.48034646210486
4.50195051497259
4.29944927108672
10.8673590274298
11.1296123316259
8.93767330593273
6.83575812216264
9.11074436710603
9.53619545867255
9.94906271572218
8.13792674629142
8.54728825699797
7.21166451573032
2.49864218634719
1.52427958859387
0.254269588788494
-1.01563510055637
-2.37763278986976
-3.39526335053340
-11.0583546828083
-7.34190537860851
-5.17554761840829
-10.7936568358139
-7.52946988251660
-9.14743552740985
-10.0580115274175
-9.48317319511011
-12.5270382361605
-8.82933299747984
-4.45255172998405
-6.23118054758524
-4.91725277302075
-4.88853965865018
-1.79810923669399
0.464694025248936
2.58925689148714
2.67458394980966
4.52709083248564
10.4752578700715
3.14373649019736
13.1191453987582
10.0720536090853
11.8481991693003
6.67167105002588
8.66800840171164
8.84079788032849
9.50568542028533
4.32004303548885
7.37114474969803
2.57430560065109
3.55258153010596
3.04119355399207
0.654119934354158
0.428785231804229
-1.40804721161853
-6.30181547319548
-5.91376378199746
-9.54920004399820
-11.3038310806295
-7.54727434087166
-9.84797783197157
-10.1098378292188
-8.02582299881436
-8.20775881304099
-7.95985169009532
-5.15994197457977
-4.56829717974997
-4.52047348588282
-4.80092363947915
-3.03958906016992
2.38420374106252
-1.48717900068637
3.37127755998476
1.10230564620215
8.46887212577073
9.38387703597662
8.66257820481140
9.25525178153812
4.87550968871552
11.1623446453518
5.46320769019028
4.75836559457251
8.82012145844129
5.76348246404882
7.25085733971218
6.35395561136807
5.13566652366738
0.354163525903339
0.898755246333687
-1.53521507603913
-1.76806143631678
-3.92768584014814
-4.63209924489519
-7.92432016703888
-8.95465695014689
-7.38137939724822
-14.0953884549536
-11.0091728110280
-12.3892664297394
-10.1620958132744
-7.36289551374715
-6.00899013270630
-8.45776338222573
-5.94213982536638
-3.14615168499667
-2.32020852817644
0.603637110521991
2.53634366258092
1.56027831537640
4.64633946814154
2.16368689854230
9.95116785222669
7.40207251585606
6.98922625985462
9.34018816327644
7.14270627073581
9.80636229471888
8.27559621480272
13.0158114562127
9.93737520584898
1.43410309049643
5.88265386345523
0.623925681634590
1.22637141690778
0.328808146637516
-0.241013719052964
-3.96629533206251
-1.84739970690782
-7.38975040042309
-7.00542018953039
-7.33078579658920
-9.22654902241675
-8.08617195935997
-9.35357372430481
-11.4163698974503
-13.0076729106313
-4.94306814073298
-8.86950460873869
-6.22115665224411
-3.87366608970809
-3.19300743978870
-3.54593420226542
-0.935429164903737
1.48670188222303
6.37811841626465
3.27836861998602
7.99721303144107
8.27769071108684
8.19253395358606
7.28298071593882
9.27979562086975
9.82661943508139
6.90928738114939
9.78129069760066
7.01566748526406
7.47196325527039
7.10030277877386
3.19069188150634
2.84368871084535
2.43660729173761
-3.67171828500862
0.335470039821685
1.42872085662210
-3.08119898118396
-7.05942008688410
-6.80319907147097
-10.7322235948712
-5.64119528686738
-7.96666872341782
-8.42530844012951
-11.5998260540354
-8.75702793909441
-9.77684260754620
-8.28330326828360
-7.56789593014983
-7.05146723125754
-5.23769260700536
-2.15627644478054
-3.39772816834518
2.95168292836148
3.18460485472073
6.39832066728827
6.96717338029851
8.64901854194860
5.69401199281257
7.35639743649313
8.95408750863301
10.2193171826552
12.1055504341787
8.81700012625901
11.1833554741267
8.61129405460433
8.77610959985287
5.25389413608737
2.10656957536065
-1.22631636648823
0.310977991807852
-0.0993790396273429
-4.00537769492548
-6.08157283297702
-7.04515972742556
-9.85363103424075
-9.64627366847729
-9.75840492068915
-9.75639531869466
-10.1275662400447
-8.62540714199164
-9.17829082030936
-5.03222313728361
-7.03639677453122
-2.81888855341704
-6.44624295914089
-2.36710735775766
-2.25698350008153
1.20028501761723
2.92434336796674
-0.951841792239882
2.34591370095929
3.54584890158754
8.46413342526936
11.6006565995414
8.74329775028727
11.4727235394037
11.0910802070522
7.74481291108040
10.1918601994497
7.15646456048063
10.6929782244817
6.36274307847642
8.27199931455661
2.57008445203668
2.91534851010570
-0.125582451436655
-5.78039963677285
-5.38446448481472
-3.77497740366601
-6.53764835684264
-9.89790843609520
-9.91301111557869
-8.89789072673350
-11.8341155432213
-8.05009955037738
-11.1294965435742
-5.77920096682057
-10.8199865393221
-7.26206554303929
-9.46992922040338
-6.44726225057826
-4.60670206327832
-0.933809097031766
1.88426663847392
2.33745371186077
2.67406011599465
6.63097701618493
8.02565008117874
7.90085499510249
9.80274929727332
10.2225182284818
7.87415376341902
11.5191366518296
8.53367493192539
8.18908924510678
9.01414768250320
7.04543749146429
6.16423539103365
6.19071534776829
5.51386700186728
1.34056451144565
0.655356327814470
-2.21308478584881
-2.96100764681606
-4.12000419035471
-7.66160795464379
-7.11077085736647
-7.45804997290779
-9.21231030538114
-6.38839474697734
-11.2171148894766
-11.3221970735177
-12.8966848206344
-6.83928887855014
-5.92627932529512
-6.58766177498149
-3.20304802124577
-3.05279458707428
-1.15490150690039
0.225889434042068
2.61638615441411
3.62352632065727
10.5746704556269
4.09454603647608
3.95184626581034
6.37889174850513
7.21023929537987
8.98085893717242
9.66306024344910
9.41101041006894
10.4795950792978
9.43878644553094
9.16290240056651
9.98438789544740
7.44612510346764
0.853689224047217
-2.92142725589728
1.80386293390343
-5.40775914413965
-3.28668761038289
-4.92904102832475
-1.97353994052953
-7.79887293923385
-9.67490016707341
-8.92530686270660
-9.35646782633439
-9.85990958116638
-11.0652385502820
-11.8421129682323
-8.02725331624897
-10.3461829044337
-8.49224478500981
-2.33756822987017
-4.25800782331642
-2.01712522078210
1.79964465779406
1.13625976543753
5.47893285746258
4.30986805686517
8.45347982539116
8.91911360105243
8.23422387256211
7.66553159113791
7.76186092744678
9.45986237470380
8.97179481891785
8.57957757826656
10.6273445082556
7.06505014317124
8.71523391840758
3.93675976498607
5.36533288927426
0.691980806682521
0.353155589284990
0.204993870440463
-4.24814598320487
-5.87654103640952
-2.42109487514069
-5.75845743209144
-9.52426172529973
-8.09904473313180
-10.5682301324300
-8.58822996130117
-7.01637939324899
-12.6059575450533
-6.60254789984046
-4.74450886986608
-6.33293345031609
-1.50748657976346
-3.10942640485456
-4.21072114599470
-4.38698855766954
1.06966764214148
4.84728803838456
5.63481546646874
7.25509687745140
6.50627326391357
8.94825764065311
6.11959474799121
8.32789753285151
8.36241380749949
10.8875353063894
9.36860608966478
6.34919530127001
7.64139459899370
5.04825502160230
3.66660169279795
5.14850027558714
1.96332064912315
0.796725692332278
0.0314580038003593
-3.05968604528225
-3.89829095588484
-5.06194754464129
-5.31922711111827
-7.70853286328752
-6.57246083496999
-9.80286056150283
-10.0957388204404
-6.44540822157223
-10.4163496333940
-8.66596395813312
-5.82071027157721
-6.12825863160017
-2.19013310864629
-1.35195835411744
-1.15334119912805
-1.55539707662375
2.86987397174749
0.654959114295673
5.48894935117958
8.04475370320057
8.08652782802350
10.4196083663112
13.4746787106871
11.6959424274999
10.5338348931917
11.1314005429657
10.2478969191098
6.03080703087069
6.82762199179112
8.87725174643634
4.91283158890755
4.58504798815276
-0.276518372569047
0.129033484622714
-0.535897878297343
-6.14323134298554
-4.30481473607958
-6.79156253378389
-9.53951396307250
-8.73532041548258
-13.1895351951039
-14.1040310664874
-12.3538466614299
-11.8291419710905
-11.7429908623940
-12.1111096169020
-7.08398825186003
-9.61624353739925
-4.77956230155342
-1.84606808054083
-1.74093534929726
0.186217520117137
0.980167663489428
0.454849211138435
4.91236282928315
8.34952652022925
11.1369342964162
7.79984155299205
6.14228073491947
10.1807725150422
10.7525318209014
9.39417660070967
7.09910162862156
12.7089192369323
2.94139740927305
5.40793200526573
2.35674881838008
2.14794493393694
2.37218461478895
0.276095948899488
-3.15795192629143
-1.86619437981690
-3.75521215165575
-5.13311432783296
-8.51170779451027
-6.56309251677139
-8.07551203512459
-4.83053258375179
-7.87308072191796
-7.53423422346734
-9.29096855320791
-11.2370260437251
-8.40288692618527
-7.94345992986333
-6.12793783405510
-2.30992431325330
-2.85003790457053
-1.79022627096527
0.917826333400870
3.09842789977962
5.81866886091071
4.52260410262512
8.29507937583881
8.81629419980044
12.0456971061794
9.42173655727884
9.73104271088915
7.50536589428153
6.62640084146874
9.28127067504552
7.16146630224220
7.43536420834033
3.21467719304615
7.23722609397341
1.98094317767954
2.09406653379624
-2.19032217531692
-3.74520531635340
-3.61989620428397
-5.31636255404090
-9.90095443416643
-11.7256400657033
-11.5926617469403
-12.6796241732579
-9.88085882286791
-10.6705793811866
-10.1329476739411
-11.3821802966320
-6.10130957372011
-5.54905387375822
-5.17924496748261
-1.37784119722856
-3.48444070672754
0.829400586094922
2.43336417657364
4.11871026658373
3.54150546474061
7.08155659439111
6.63068116533668
6.86736173683935
6.99038983502894
11.9237088090925
8.30811157532776
9.50224984160377
6.97962209837880
8.06600043785383
1.19636883931002
4.25395763794296
2.14712768104084
1.39129989784639
1.30994740005499
-0.650695560720826
2.15231380726346
-4.56374786995538
-5.50006455606961
-9.56650703754655
-8.61520975857769
-11.3362073449687
-9.33632816028257
-8.14190399508485
-9.19149306978128
-11.2493179569585
-12.6580119933537
-5.74022766755926
-3.56035896531428
-6.18687489746670
-6.97980320844275
-1.02465848462738
-2.92179421300831
-0.939618726449174
3.50923653081439
0.649761831034693
1.08649209153583
7.26924349726758
8.46192042748360
8.85053835357262
10.3902949911320
12.0125587224434
11.9408955767091
8.71093838934293
11.0168703544963
9.00674878150878
6.64935929415914
4.04126451508516
6.29394187776253
2.71295623465855
1.82935083004528
-1.58589500440324
-4.83751072622802
-3.07702872271901
-5.12427824960830
-4.02982034228128
-6.05703629053505
-6.55364487954514
-10.8946797129453
-11.7207305243541
-12.5381735457370
-8.85211628402870
-3.81876395257141
-7.20510996401307
-9.20657263549444
-4.75460858791312
-7.25666062016752
-6.26914161608983
-0.301597145655024
-1.55581104037099
2.36845353808628
6.23327170940975
5.80224927146346
8.28719666570444
4.44884002194804
9.98332652609100
13.6739307155160
10.9303563569563
6.91824563628423
9.44179194047846
8.39699576430051
9.42630186340623
8.48451518741336
7.23886119789861
4.27243849823813
2.22165735317328
0.557303793833497
1.70708166812927
-5.44249791950816
-3.83480775255158
-4.45924359461981
-7.73341812098312
-6.70598986117412
-8.80289333789917
-11.2735287843966
-9.52535046082075
-10.5363657638268
-10.6678228256356
-10.8195716289115
-8.53736307067629
-11.3527029033871
-7.22454233582186
-6.08709624322528
-5.24399844183432
-0.431084594679191
-1.46854251718224
2.81774795629803
5.37188320241989
4.68625917054569
6.98347474031193
8.93947903741132
8.49829800772299
10.4786664953868
7.32294784086614
12.2208476813403
7.86895217198539
5.73925433945158
11.4292510605531
7.53499084310748
7.32571833690402
4.27348305506501
1.37903464699506
-4.40949530190463
1.25255799539851
-2.30985084309148
-3.81488724695823
-4.18878925471860
-9.26657301793468
-9.11933490715507
-6.36559835467390
-8.20119694209604
-12.4106400483071
-14.4065284843398
-10.9905701697044
-8.96893325042630
-6.77550017123982
-7.47299344985623
-8.67249953992163
-4.38768436286400
-5.76487116836351
-3.65841490374494
-1.30747003271640
-0.722305521329382
2.87827117332967
3.20009986531422
5.85650382166135
6.73560134248213
7.84068360836391
8.38984823959523
12.3146717554103
11.2206104351479
9.96622184022747
6.46303274700275
5.40864750505203
3.73093960040816
11.6382675986135
6.94474962240745
3.93416337266556
-0.211999142024184
-2.29272877177438
-0.641202767707893
-0.290033463091605
-8.38668732264139
-7.32667081658565
-7.82902857669639
-12.6442483930507
-7.71443487515387
-10.6773953650330
-6.17563832327228
-10.6298749945897
-8.57856204276447
-10.9451103740874
-8.91017198246348
-8.76532179669481
-4.21484943740532
-0.816522424557648
-2.92376530035061
0.872750783123989
0.727756815617377
3.62441685986319
7.39250108164464
6.66844172958837
5.58675763703597
6.94604756006880
9.05717759977088
9.46474097002942
8.26836958452013
10.2094057972945
11.9299831590045
8.15791546296785
7.25130432986363
2.02483228479325
3.45097379047873
0.633656265146673
0.964012474702354
1.05117270023611
1.31005677411230
0.176787470559988
-5.23376853393915
-7.06826847063646
-6.02541186471498
-7.67993566019626
-7.86642388782769
-8.29151943949938
-12.9606103468373
-8.76734961090263
-9.58000425159566
-10.1807587917617
-9.04763531747698
-3.86496059153893
-6.61947522153183
-5.89383813890251
-1.30710888040619
4.02154353506673
1.78759064349368
4.03680030575014
3.12350557874417
9.77630800042338
7.91042077887957
9.72045655094556
7.49278976105595
11.5561631665630
10.7782914690355
7.53607536021872
9.47640646183770
7.75905683042940
7.87894031452137
5.92677041197343
4.62019669070282
1.35437440465551
1.08989793383078
1.53305370821121
1.75286458266914
-5.74124128559618
-0.245176295231289
-3.37572017185111
-7.32342943075455
-9.26266709649166
-10.7942347492694
-8.18253637856597
-11.3892105084456
-10.7718435163904
-7.62969193441758
-7.78836567351718
-5.86694970508119
-5.41841204097582
-5.80179427103195
-4.44789745745544
-0.143746584201879
-1.34238032801503
4.10979986240190
5.00160537466340
5.57544298934712
6.43432832599113
8.39167880613542
15.7136096745219
9.17205288283490
6.73488966024550
13.8302045909136
11.0677696365987
8.10110296167598
13.8949238619460
8.76234527268083
7.01628346575908
3.44431240349334
1.29034124107704
-1.80034628795260
-0.845839071796614
-3.84268663504938
-2.12469094331293
-5.63525637702672
-2.88989295849194
-4.63927964080398
-8.33223340402941
-9.96245363686942
-7.54374591422521
-12.2930152642334
-8.50068013703859
-10.7351521986047
-9.46089943911392
-9.00404928562818
-5.27661806369925
-6.55618703084208
-5.54732383902628
-0.630525174095898
-0.846857675673327
2.45965610636503
2.71642294936407
5.53908141594597
1.29897738462283
8.59217268734727
12.3673759228319
11.4755048875534
11.6698706890390
9.52053742679734
10.2100736897070
9.88542530148594
8.85303980692394
5.99950743595143
5.72337172554111
4.65044992091210
2.45889459429502
3.41015519950508
5.07669868277851
-4.38315027962962
-3.16352090656984
-7.88475830672203
-3.82285967765087
-4.84062143115150
-11.9853399785603
-5.50955725107465
-12.0174744345972
-9.54636204995716
-7.65021912515269
-9.10254870291468
-4.06892241181887
-2.15532867599905
-6.15124064723439
-8.81413241674663
-4.15018742000384
-3.43270179981947
-1.52950672904256
-0.518907852404879
3.57657922342304
9.21325931141121
4.99618131059741
7.09941310770670
10.9932040468762
11.8225690453875
10.8191595042380
12.0520329723920
11.5895295722895
8.63341045084142
9.51804009205060
7.06218339114410
4.62813905686673
6.26949092251438
3.55510861491412
1.36224068698688
0.583454910005181
0.238907607154488
-2.63433229350141
-4.61089725194746
-5.86830618390051
-7.55800380750051
-10.2091865257231
-7.82336278705317
-7.03026362813502
-11.0681971675837
-5.99256067049878
-9.74942130237439
-9.14775476281744
-9.45564574860990
-8.01254982707976
-6.90594938190709
-2.71239052478423
1.45757087115256