20.7000000000000
17.9000000000000
18.8000000000000
14.6000000000000
15.8000000000000
15.8000000000000
15.8000000000000
17.4000000000000
21.8000000000000
20
16.2000000000000
13.3000000000000
16.7000000000000
21.5000000000000
25
20.7000000000000
20.6000000000000
24.8000000000000
17.7000000000000
15.5000000000000
18.2000000000000
12.1000000000000
14.4000000000000
16
16.5000000000000
18.7000000000000
19.4000000000000
17.2000000000000
15.5000000000000
15.1000000000000
15.4000000000000
15.3000000000000
18.8000000000000
21.9000000000000
19.9000000000000
16.6000000000000
16.8000000000000
14.6000000000000
17.1000000000000
25
15
13.7000000000000
13.9000000000000
18.3000000000000
22
22.1000000000000
21.2000000000000
18.4000000000000
16.6000000000000
16.1000000000000
15.7000000000000
16.6000000000000
16.5000000000000
14.4000000000000
14.4000000000000
18.5000000000000
16.9000000000000
17.5000000000000
21.2000000000000
17.8000000000000
18.6000000000000
17
16
13.3000000000000
14.3000000000000
11.4000000000000
16.3000000000000
16.1000000000000
11.8000000000000
12.2000000000000
14.7000000000000
11.8000000000000
11.3000000000000
10.6000000000000
11.7000000000000
14.2000000000000
11.2000000000000
16.9000000000000
16.7000000000000
8.10000000000000
8
8.80000000000000
13.4000000000000
10.9000000000000
13.4000000000000
11
15
15.7000000000000
14.5000000000000
15.8000000000000
16.7000000000000
16.8000000000000
17.5000000000000
17.1000000000000
18.1000000000000
16.6000000000000
10
14.9000000000000
15.9000000000000
13
7.60000000000000
11.5000000000000
13.5000000000000
13
13.3000000000000
12.1000000000000
12.4000000000000
13.2000000000000
13.8000000000000
10.6000000000000
9
10
9.80000000000000
11.5000000000000
8.90000000000000
7.40000000000000
9.90000000000000
9.30000000000000
9.90000000000000
7.40000000000000
8.60000000000000
11.9000000000000
14
8.60000000000000
10
13.5000000000000
12
10.5000000000000
10.7000000000000
8.10000000000000
10.1000000000000
10.6000000000000
5.30000000000000
6.60000000000000
8.50000000000000
11.2000000000000
9.80000000000000
5.90000000000000
3.20000000000000
2.10000000000000
3.40000000000000
5.40000000000000
9.60000000000000
11.5000000000000
12.3000000000000
12.6000000000000
11
11.2000000000000
11.4000000000000
11.8000000000000
12.8000000000000
11.6000000000000
10.6000000000000
9.80000000000000
11.2000000000000
5.70000000000000
7.10000000000000
2.50000000000000
3.50000000000000
4.60000000000000
11
5.70000000000000
7.70000000000000
10.4000000000000
11.4000000000000
9.20000000000000
6.10000000000000
2.70000000000000
4.30000000000000
6.30000000000000
3.80000000000000
4.40000000000000
7.10000000000000
4.80000000000000
5.80000000000000
6.20000000000000
7.30000000000000
9.20000000000000
10.2000000000000
9.50000000000000
9.50000000000000
10.7000000000000
10
6.50000000000000
7
7.40000000000000
8.10000000000000
6.60000000000000
8.30000000000000
8.90000000000000
4.60000000000000
6.80000000000000
5.70000000000000
6.10000000000000
7
7.20000000000000
6.30000000000000
8.80000000000000
5
7.40000000000000
10.1000000000000
12
9
8.90000000000000
9.80000000000000
9
9.20000000000000
7.70000000000000
8
6.10000000000000
3.50000000000000
3.20000000000000
5.70000000000000
7.70000000000000
9
10
6.20000000000000
6.90000000000000
6.50000000000000
6.80000000000000
7
5.20000000000000
3
5.60000000000000
7.90000000000000
9
8.60000000000000
10.3000000000000
10.5000000000000
7.60000000000000
9.70000000000000
12.5000000000000
7.40000000000000
7.90000000000000
3.90000000000000
6.60000000000000
4.60000000000000
7
6
5.50000000000000
8.10000000000000
5.50000000000000
6.20000000000000
8
10.3000000000000
9.80000000000000
9.60000000000000
8.50000000000000
7.50000000000000
11.2000000000000
14.6000000000000
11.7000000000000
7.80000000000000
12.3000000000000
10.1000000000000
11.5000000000000
7.30000000000000
10.9000000000000
14.1000000000000
10.7000000000000
16.9000000000000
10.5000000000000
6.50000000000000
11
6.30000000000000
10.5000000000000
7.20000000000000
7.60000000000000
10.7000000000000
7.80000000000000
9.60000000000000
11.4000000000000
12.4000000000000
8.90000000000000
13.2000000000000
8.60000000000000
6.20000000000000
11.4000000000000
13.2000000000000
14.3000000000000
7.30000000000000
12.9000000000000
7.80000000000000
6.20000000000000
5.60000000000000
10
13.3000000000000
8.30000000000000
10.2000000000000
8.60000000000000
7.30000000000000
10.4000000000000
11.2000000000000
13.2000000000000
11.4000000000000
9.10000000000000
6.60000000000000
8.40000000000000
9.70000000000000
13.2000000000000
12.5000000000000
11
11
11.7000000000000
9.20000000000000
11.5000000000000
13.6000000000000
13.7000000000000
10.4000000000000
11.5000000000000
7.60000000000000
9.60000000000000
14.2000000000000
15.7000000000000
10.5000000000000
10.5000000000000
9.70000000000000
9.50000000000000
11.3000000000000
8.90000000000000
9.40000000000000
11.9000000000000
11.7000000000000
13.4000000000000
12.6000000000000
10.1000000000000
15.8000000000000
13.6000000000000
11.9000000000000
9.90000000000000
12.6000000000000
17.8000000000000
15
13.6000000000000
13.4000000000000
10.5000000000000
14.2000000000000
11.5000000000000
13
15
14.7000000000000
12.6000000000000
12.5000000000000
13.5000000000000
14.8000000000000
17.2000000000000
9.70000000000000
12.1000000000000
12.8000000000000
11.2000000000000
16.4000000000000
15.6000000000000
13.3000000000000
11
11.1000000000000
15
12.8000000000000
15
14.2000000000000
14
15.5000000000000
13.3000000000000
15.6000000000000
15.2000000000000
17.4000000000000
17
15
13.5000000000000
15.2000000000000
13
12.5000000000000
14.1000000000000
14.8000000000000
16.2000000000000
15.8000000000000
19.1000000000000
22.2000000000000
15.9000000000000
13
14.1000000000000
15.8000000000000
24
18
19.7000000000000
25.2000000000000
20.5000000000000
19.3000000000000
15.8000000000000
17
18.4000000000000
13.3000000000000
14.6000000000000
12.5000000000000
17
17.1000000000000
14
14.6000000000000
13.3000000000000
14.8000000000000
15.1000000000000
13.1000000000000
13.6000000000000
19.5000000000000
22.7000000000000
17.2000000000000
13.5000000000000
15.4000000000000
17
19.2000000000000
22.8000000000000
26.3000000000000
18.2000000000000
17
14.8000000000000
12.8000000000000
15.5000000000000
15.6000000000000
13.1000000000000
15.2000000000000
14.1000000000000
12.5000000000000
14.6000000000000
10.4000000000000
13.9000000000000
11.9000000000000
13.5000000000000
9.80000000000000
14
21.5000000000000
19.5000000000000
16.7000000000000
19.1000000000000
11
9
10
14.6000000000000
12.5000000000000
17.2000000000000
19.2000000000000
22.2000000000000
15.7000000000000
14.2000000000000
9.80000000000000
14
17.5000000000000
20.7000000000000
15.6000000000000
13.2000000000000
14.5000000000000
16.8000000000000
17.2000000000000
13.4000000000000
14.2000000000000
14.3000000000000
10.2000000000000
10.4000000000000
12.3000000000000
11.9000000000000
11.2000000000000
8.50000000000000
12
12.4000000000000
12.9000000000000
10.1000000000000
15
13.6000000000000
12.4000000000000
13.6000000000000
16.1000000000000
19.5000000000000
14.2000000000000
9.30000000000000
10.1000000000000
7.40000000000000
8.60000000000000
7.80000000000000
9.10000000000000
13
16.5000000000000
12.9000000000000
6.90000000000000
6.90000000000000
8.70000000000000
10
10.8000000000000
7.50000000000000
6.30000000000000
11.9000000000000
13.8000000000000
11.8000000000000
11
10.1000000000000
8.50000000000000
5.50000000000000
7.60000000000000
8.70000000000000
10.8000000000000
11.2000000000000
9.10000000000000
3.70000000000000
4.60000000000000
6.60000000000000
13.2000000000000
15.2000000000000
7.60000000000000
8.40000000000000
6
8.30000000000000
8.60000000000000
11.1000000000000
12.1000000000000
12.9000000000000
14
12.5000000000000
11.5000000000000
7
7.10000000000000
9
3.10000000000000
2.50000000000000
0
1.60000000000000
2.60000000000000
5.70000000000000
2.30000000000000
4.50000000000000
8.20000000000000
6.90000000000000
7.30000000000000
6
7.30000000000000
7.60000000000000
8
8
6.80000000000000
7.30000000000000
6.20000000000000
6.90000000000000
8.90000000000000
4
1.30000000000000
0.800000000000000
4.30000000000000
7.30000000000000
7.70000000000000
9
4.20000000000000
1.60000000000000
2.60000000000000
3.40000000000000
3.90000000000000
7
7.80000000000000
5.30000000000000
2.40000000000000
2.80000000000000
4
7.50000000000000
7.80000000000000
5.60000000000000
3.30000000000000
5
3.70000000000000
3.90000000000000
5.20000000000000
0.200000000000000
0.800000000000000
0.900000000000000
3.50000000000000
6.60000000000000
9.50000000000000
9
3.50000000000000
4.50000000000000
5.70000000000000
5.60000000000000
7.10000000000000
9.70000000000000
8.30000000000000
9.10000000000000
2.80000000000000
2.20000000000000
4.50000000000000
3.80000000000000
3.80000000000000
6.20000000000000
11.5000000000000
10.2000000000000
7.90000000000000
9
9.50000000000000
6
8.20000000000000
9.20000000000000
4.30000000000000
6.60000000000000
9.40000000000000
13.2000000000000
6.60000000000000
5.10000000000000
12.1000000000000
11.2000000000000
8.50000000000000
4.60000000000000
7
14.2000000000000
12.7000000000000
7.60000000000000
4
10
10.5000000000000
5
4.50000000000000
8.20000000000000
4.30000000000000
9.80000000000000
5.80000000000000
5
8.50000000000000
9
3.60000000000000
6.70000000000000
6.70000000000000
10.1000000000000
15
8.90000000000000
5.70000000000000
4.20000000000000
4
5.30000000000000
6.30000000000000
8.50000000000000
11.5000000000000
7.70000000000000
9.20000000000000
7.80000000000000
6.30000000000000
6.30000000000000
8.60000000000000
6.10000000000000
13.2000000000000
9.90000000000000
4.70000000000000
5.80000000000000
14.9000000000000
10.7000000000000
8.60000000000000
9.40000000000000
5.70000000000000
10.9000000000000
13.1000000000000
10.4000000000000
8.20000000000000
9.80000000000000
7.50000000000000
5.80000000000000
9.80000000000000
7.90000000000000
8.70000000000000
10
10.6000000000000
8
10.2000000000000
15.1000000000000
13.9000000000000
9.20000000000000
9
13.2000000000000
7
10.6000000000000
6.90000000000000
9.50000000000000
12.5000000000000
13.6000000000000
17.7000000000000
16
11.3000000000000
10.5000000000000
14.4000000000000
10.3000000000000
9
11.1000000000000
14.5000000000000
18
12.8000000000000
10.7000000000000
9.10000000000000
8.70000000000000
12.4000000000000
12.6000000000000
10.3000000000000
13.7000000000000
16
15.8000000000000
12.1000000000000
12.5000000000000
12.2000000000000
13.7000000000000
16.1000000000000
15.5000000000000
10.3000000000000
10.5000000000000
11
11.9000000000000
13
12.2000000000000
10.6000000000000
13
13
12.2000000000000
12.6000000000000
18.7000000000000
15.2000000000000
15.3000000000000
13.9000000000000
15.8000000000000
13
13
13.7000000000000
12
10.8000000000000
15.6000000000000
15.3000000000000
13.9000000000000
13
15.3000000000000
16.3000000000000
15.8000000000000
17.7000000000000
16.3000000000000
18.4000000000000
15
10.9000000000000
11.4000000000000
14.8000000000000
12.1000000000000
12.8000000000000
16.2000000000000
15.5000000000000
13
10.5000000000000
9.10000000000000
10.5000000000000
11.8000000000000
12.7000000000000
12.7000000000000
11.5000000000000
13.8000000000000
13.3000000000000
11.6000000000000
15.4000000000000
12.4000000000000
16.9000000000000
14.7000000000000
10.6000000000000
15.6000000000000
10.7000000000000
12.6000000000000
13.8000000000000
14.3000000000000
14
18.1000000000000
17.3000000000000
13
16
14.9000000000000
16.2000000000000
20.3000000000000
22.5000000000000
17.2000000000000
15.9000000000000
16.8000000000000
13.8000000000000
12.8000000000000
14
17.5000000000000
21.5000000000000
16.8000000000000
13.6000000000000
14.5000000000000
14.2000000000000
15.7000000000000
19.7000000000000
17.4000000000000
14.4000000000000
16.9000000000000
19.1000000000000
20.4000000000000
20.1000000000000
19.9000000000000
22
20.5000000000000
22.1000000000000
20.6000000000000
15
20.6000000000000
21.5000000000000
16.2000000000000
14.1000000000000
14.5000000000000
21.1000000000000
15.9000000000000
15.2000000000000
13.1000000000000
13.2000000000000
12.5000000000000
15.2000000000000
17.6000000000000
15.5000000000000
16.7000000000000
16.3000000000000
15.1000000000000
12.7000000000000
10
11.4000000000000
12.6000000000000
10.7000000000000
10
13.9000000000000
13.4000000000000
12.5000000000000
12.8000000000000
7.80000000000000
11.1000000000000
10.7000000000000
7.10000000000000
6.70000000000000
5.70000000000000
9.10000000000000
15.2000000000000
15.5000000000000
11.1000000000000
11.7000000000000
11.5000000000000
9.80000000000000
6.20000000000000
6.70000000000000
7.50000000000000
8.80000000000000
8
10.4000000000000
14.5000000000000
16.5000000000000
14.1000000000000
10.5000000000000
12.6000000000000
13
8.70000000000000
10.1000000000000
12
12.5000000000000
13.5000000000000
13.7000000000000
13.5000000000000
10.7000000000000
13
11.6000000000000
13
11.2000000000000
13.5000000000000
12.9000000000000
6.80000000000000
10
14.5000000000000
11.7000000000000
6.70000000000000
4.60000000000000
4.90000000000000
7.40000000000000
8.30000000000000
7.50000000000000
6.20000000000000
7.80000000000000
13.2000000000000
11.9000000000000
6.50000000000000
8.30000000000000
12.1000000000000
9.30000000000000
7.50000000000000
9.30000000000000
11
10.8000000000000
5.30000000000000
7.60000000000000
5.60000000000000
7.20000000000000
9.60000000000000
7
8.30000000000000
7.80000000000000
4.70000000000000
6.80000000000000
7.20000000000000
8.30000000000000
9.50000000000000
4.70000000000000
3
1.50000000000000
2.50000000000000
6.20000000000000
11.6000000000000
6.60000000000000
6.60000000000000
8
7.90000000000000
3.30000000000000
3.90000000000000
6
4
5.50000000000000
8.50000000000000
9.80000000000000
9.50000000000000
7.20000000000000
8.10000000000000
8
8.50000000000000
8.80000000000000
8.30000000000000
2.40000000000000
4.90000000000000
5.90000000000000
6.70000000000000
8.40000000000000
6.50000000000000
7.90000000000000
4.10000000000000
5.40000000000000
7.50000000000000
3.90000000000000
2.50000000000000
5.30000000000000
6.60000000000000
0
0.700000000000000
7.60000000000000
12.3000000000000
9.20000000000000
9.60000000000000
9.50000000000000
10
7.70000000000000
8
8.30000000000000
8.30000000000000
4.50000000000000
6.50000000000000
9.40000000000000
9.40000000000000
10.5000000000000
10.7000000000000
9.90000000000000
7.60000000000000
5.80000000000000
8.50000000000000
13.8000000000000
14.3000000000000
8.30000000000000
5.30000000000000
3
5.20000000000000
10.3000000000000
11.1000000000000
10.5000000000000
9
13
6.40000000000000
8.40000000000000
6.70000000000000
8.30000000000000
11.2000000000000
10
10.1000000000000
10.6000000000000
10.9000000000000
5.70000000000000
9.50000000000000
10.4000000000000
11.1000000000000
12.2000000000000
10.6000000000000
8.80000000000000
9.20000000000000
5.50000000000000
7.10000000000000
6.50000000000000
4.30000000000000
5
11.2000000000000
7.50000000000000
12
13.6000000000000
8.30000000000000
8.50000000000000
12.9000000000000
7.70000000000000
7.60000000000000
3.50000000000000
10.4000000000000
15.4000000000000
10.6000000000000
9.60000000000000
9.30000000000000
13.9000000000000
7.70000000000000
9.50000000000000
7.60000000000000
6.90000000000000
6.80000000000000
5.80000000000000
6
8.30000000000000
9.10000000000000
12.5000000000000
13.2000000000000
16.2000000000000
12.5000000000000
11.8000000000000
10.6000000000000
10
12.2000000000000
8.90000000000000
10.3000000000000
7.50000000000000
11.6000000000000
12.6000000000000
12.9000000000000
11.7000000000000
14
12.3000000000000
9
9.20000000000000
9.80000000000000
11.8000000000000
10.6000000000000
12.6000000000000
11
8.20000000000000
7.50000000000000
13.6000000000000
14.8000000000000
10.9000000000000
7.70000000000000
10.2000000000000
10.8000000000000
10.8000000000000
12.5000000000000
13.2000000000000
8.70000000000000
5.70000000000000
9.80000000000000
7.30000000000000
10.8000000000000
10
16.2000000000000
15
14.5000000000000
15.9000000000000
14.9000000000000
14.2000000000000
15.8000000000000
17.2000000000000
17.6000000000000
12.1000000000000
11.4000000000000
13
13.2000000000000
12
15.3000000000000
12.7000000000000
12.1000000000000
13.8000000000000
10.9000000000000
12
16.5000000000000
15
11.2000000000000
13.9000000000000
15
14.8000000000000
15
13.3000000000000
20.4000000000000
18
12.2000000000000
16.7000000000000
13.8000000000000
17.5000000000000
15
13.9000000000000
11.1000000000000
16.1000000000000
20.4000000000000
18
19.5000000000000
17.1000000000000
17.1000000000000
12
11
16.3000000000000
16.1000000000000
13
13.4000000000000
15.2000000000000
12.5000000000000
14.3000000000000
16.5000000000000
18.6000000000000
18
18.2000000000000
11.4000000000000
11.9000000000000
12.2000000000000
14.8000000000000
13.1000000000000
12.7000000000000
10.5000000000000
13.8000000000000
18.8000000000000
13.9000000000000
11.2000000000000
10.6000000000000
14.7000000000000
13.1000000000000
12.1000000000000
14.7000000000000
11.1000000000000
13
15.6000000000000
14.2000000000000
15.5000000000000
18
15
15.9000000000000
15.5000000000000
15.8000000000000
16.6000000000000
13.6000000000000
13.8000000000000
14.6000000000000
15.6000000000000
16.6000000000000
14.3000000000000
16.3000000000000
18.9000000000000
18.7000000000000
14.5000000000000
16.5000000000000
14.1000000000000
13.5000000000000
11.7000000000000
15.1000000000000
11.2000000000000
13.5000000000000
12.6000000000000
8.80000000000000
10.5000000000000
12.1000000000000
14.5000000000000
19.5000000000000
14
13.8000000000000
10.5000000000000
13.8000000000000
11.4000000000000
15.6000000000000
11.1000000000000
12.1000000000000
14.2000000000000
10.9000000000000
14.2000000000000
13.8000000000000
15.1000000000000
14
12.1000000000000
13.8000000000000
16.6000000000000
17.8000000000000
9.40000000000000
10.2000000000000
7.40000000000000
8.70000000000000
14
15.3000000000000
11.1000000000000
9.70000000000000
10.3000000000000
9.20000000000000
8.20000000000000
9.70000000000000
12.4000000000000
12.5000000000000
9
9.70000000000000
10.1000000000000
11.2000000000000
12
11.1000000000000
10.8000000000000
12.8000000000000
9.80000000000000
13.7000000000000
11
13.2000000000000
13
10.2000000000000
13.2000000000000
9.30000000000000
11.1000000000000
10.3000000000000
8.70000000000000
11.7000000000000
12.5000000000000
6.50000000000000
9.60000000000000
13.8000000000000
14.7000000000000
9.10000000000000
4.80000000000000
3.30000000000000
3.50000000000000
5.70000000000000
5.50000000000000
7
9.50000000000000
9.90000000000000
4.90000000000000
6.30000000000000
4.80000000000000
6.20000000000000
7.10000000000000
7.50000000000000
9.40000000000000
8.70000000000000
9.50000000000000
12.1000000000000
9.50000000000000
9.30000000000000
8.50000000000000
8
9.80000000000000
6.20000000000000
7.30000000000000
10.9000000000000
10
8.70000000000000
9
10.8000000000000
12.4000000000000
7.20000000000000
7.20000000000000
11.1000000000000
9.30000000000000
10.1000000000000
3.90000000000000
5
8.20000000000000
2.80000000000000
4.30000000000000
8.10000000000000
11.1000000000000
4.70000000000000
5.30000000000000
10
5.60000000000000
2.20000000000000
7.10000000000000
8.30000000000000
8.60000000000000
10.1000000000000
8.30000000000000
7.20000000000000
7.70000000000000
7.80000000000000
9.10000000000000
9.40000000000000
7.80000000000000
2.60000000000000
2.40000000000000
3.90000000000000
1.30000000000000
2.10000000000000
7.40000000000000
7.20000000000000
8.80000000000000
8.90000000000000
8.80000000000000
8
0.700000000000000
0.100000000000000
0.900000000000000
7.80000000000000
7.20000000000000
8
4.60000000000000
5.20000000000000
5.80000000000000
6.80000000000000
8.10000000000000
7.50000000000000
5.40000000000000
4.60000000000000
6.40000000000000
9.70000000000000
7
10
10.6000000000000
11.5000000000000
10.2000000000000
11.1000000000000
11
8.90000000000000
9.90000000000000
11.7000000000000
11.6000000000000
9
6.30000000000000
8.70000000000000
8.50000000000000
8.50000000000000
8
6
8
8.50000000000000
7.70000000000000
8.40000000000000
9
8.30000000000000
6.80000000000000
9.30000000000000
6.70000000000000
9
7.30000000000000
6.30000000000000
7.90000000000000
5.20000000000000
9
11.3000000000000
9.20000000000000
11.3000000000000
7
8
4.60000000000000
8.50000000000000
9.50000000000000
9.40000000000000
10.5000000000000
9.70000000000000
4.90000000000000
8
5.80000000000000
5.50000000000000
10.9000000000000
11.7000000000000
9.20000000000000
8.90000000000000
11.3000000000000
8.60000000000000
6.20000000000000
6.60000000000000
9.10000000000000
6.10000000000000
7.50000000000000
10.7000000000000
6.30000000000000
5.50000000000000
6.70000000000000
4.20000000000000
11.3000000000000
16.3000000000000
10.5000000000000
10.3000000000000
7.90000000000000
7.70000000000000
16
14.6000000000000
12.5000000000000
8.10000000000000
12.2000000000000
17.2000000000000
9.40000000000000
8.70000000000000
5.90000000000000
4.80000000000000
7.40000000000000
9.40000000000000
9.70000000000000
9.90000000000000
6.50000000000000
9.80000000000000
18.2000000000000
11.3000000000000
9.10000000000000
9.60000000000000
13.5000000000000
10.7000000000000
10
8.50000000000000
12.6000000000000
16.6000000000000
11.6000000000000
12.2000000000000
11.2000000000000
9.20000000000000
9.90000000000000
11.9000000000000
15.6000000000000
19
12.8000000000000
12.2000000000000
12
11.1000000000000
11.8000000000000
7.60000000000000
13
12.7000000000000
16
14.8000000000000
14.2000000000000
10
8.80000000000000
11.6000000000000
8.60000000000000
14.6000000000000
24.3000000000000
11.6000000000000
10.8000000000000
12
11
12.6000000000000
10.8000000000000
9.10000000000000
11
13
12.8000000000000
9.90000000000000
11.6000000000000
10.5000000000000
15.9000000000000
12.2000000000000
13
12.5000000000000
12.5000000000000
11.4000000000000
12.1000000000000
16.8000000000000
12.1000000000000
11.3000000000000
10.4000000000000
14.2000000000000
11.4000000000000
13.7000000000000
16.5000000000000
12.8000000000000
12.2000000000000
12
12.6000000000000
16
16.4000000000000
13.3000000000000
15.2000000000000
13.1000000000000
12.7000000000000
14.6000000000000
11
13.2000000000000
12.2000000000000
14.4000000000000
13.7000000000000
14.5000000000000
14.1000000000000
14.4000000000000
19.7000000000000
16.5000000000000
15.9000000000000
11.8000000000000
12
11.4000000000000
14.4000000000000
12.4000000000000
15.1000000000000
15.6000000000000
15.2000000000000
12.8000000000000
13.3000000000000
17.5000000000000
15.4000000000000
13.5000000000000
16.7000000000000
15.2000000000000
14.9000000000000
10.2000000000000
13.6000000000000
19
15.7000000000000
18
14.8000000000000
13.9000000000000
13
15.3000000000000
14.3000000000000
15.6000000000000
16
14.9000000000000
11.1000000000000
14.8000000000000
13
12.2000000000000
10.9000000000000
14.6000000000000
16.6000000000000
18.1000000000000
13.4000000000000
10.3000000000000
13.6000000000000
13.8000000000000
10.3000000000000
11
14.3000000000000
15.5000000000000
14.7000000000000
12.7000000000000
10.7000000000000
12.6000000000000
9.80000000000000
13.2000000000000
15.2000000000000
16.6000000000000
21
22.4000000000000
17
21.7000000000000
21.4000000000000
18.6000000000000
16.2000000000000
16.8000000000000
17
18.4000000000000
17.2000000000000
18.4000000000000
18.8000000000000
16.5000000000000
13.3000000000000
12.2000000000000
11.3000000000000
13.8000000000000
16.6000000000000
14
14.3000000000000
16.4000000000000
11.9000000000000
15.7000000000000
17.6000000000000
17.5000000000000
15.9000000000000
16.2000000000000
16
15.9000000000000
16.2000000000000
16.2000000000000
19.5000000000000
18.2000000000000
21.8000000000000
15.1000000000000
11
8.10000000000000
9.50000000000000
9.30000000000000
10.6000000000000
6.30000000000000
8.60000000000000
6.80000000000000
8.70000000000000
8.40000000000000
9.30000000000000
10
10.5000000000000
12
10.1000000000000
9.40000000000000
10.1000000000000
8
10.6000000000000
13.6000000000000
15.4000000000000
9
10.4000000000000
11
12.1000000000000
13.4000000000000
11.3000000000000
6.70000000000000
9.80000000000000
10.8000000000000
7.80000000000000
4.50000000000000
7.60000000000000
6.90000000000000
7.50000000000000
8.50000000000000
5.50000000000000
9.50000000000000
7.30000000000000
5.40000000000000
5.50000000000000
8.10000000000000
11.2000000000000
13.4000000000000
11.6000000000000
10.1000000000000
4.30000000000000
5.50000000000000
4.40000000000000
5.90000000000000
5.70000000000000
8.20000000000000
8.20000000000000
4.20000000000000
6.50000000000000
10
8.80000000000000
6.60000000000000
7.80000000000000
10.1000000000000
7.10000000000000
7.70000000000000
8.50000000000000
7.30000000000000
6.90000000000000
8.40000000000000
7.10000000000000
6.30000000000000
0.600000000000000
1.60000000000000
7
8.30000000000000
8
10.2000000000000
10.6000000000000
10.4000000000000
11.6000000000000
11
10.7000000000000
7.30000000000000
4.20000000000000
4.70000000000000
5.60000000000000
7.70000000000000
7.50000000000000
4.90000000000000
5.90000000000000
7.80000000000000
5.80000000000000
7
8.40000000000000
6.20000000000000
7.50000000000000
4.80000000000000
3.30000000000000
3.20000000000000
7
8.40000000000000
0.300000000000000
0.300000000000000
2.10000000000000
8.50000000000000
1.40000000000000
4.10000000000000
10.3000000000000
6.60000000000000
6.10000000000000
7
5.10000000000000
6.30000000000000
6.90000000000000
11.4000000000000
10.4000000000000
10.3000000000000
9.20000000000000
7.20000000000000
7.50000000000000
4
5.60000000000000
6.70000000000000
8.40000000000000
11
8.40000000000000
8.80000000000000
8.60000000000000
8.30000000000000
4
3.60000000000000
5.70000000000000
10.6000000000000
6.90000000000000
10
9.80000000000000
7.20000000000000
10.5000000000000
3.60000000000000
5.30000000000000
8.40000000000000
10.3000000000000
7.90000000000000
8.50000000000000
7.90000000000000
8
9.80000000000000
6.70000000000000
4.80000000000000
9.90000000000000
12.8000000000000
10.9000000000000
11.7000000000000
11.7000000000000
11
8.20000000000000
7.50000000000000
5.40000000000000
7.20000000000000
9.70000000000000
8.40000000000000
9
8.70000000000000
6.60000000000000
11.6000000000000
13.1000000000000
6.70000000000000
6.50000000000000
7.70000000000000
8.70000000000000
7.20000000000000
10.5000000000000
8.60000000000000
7.20000000000000
11.4000000000000
16.2000000000000
6.10000000000000
9.60000000000000
11.1000000000000
13.6000000000000
10.7000000000000
14.7000000000000
11.6000000000000
7.30000000000000
8
9.60000000000000
16
15.1000000000000
12.8000000000000
6.20000000000000
7.10000000000000
8.40000000000000
10
12.7000000000000
10
10.2000000000000
6.50000000000000
9.20000000000000
11.9000000000000
14.7000000000000
11.4000000000000
6.80000000000000
7.40000000000000
11.2000000000000
9.20000000000000
12.6000000000000
16
17.1000000000000
15.3000000000000
13.3000000000000
15.4000000000000
13.2000000000000
14.4000000000000
14
15.5000000000000
21
10
9.60000000000000
12
12.2000000000000
11.3000000000000
13.2000000000000
10.5000000000000
10.1000000000000
8.80000000000000
13.7000000000000
16.2000000000000
16
14
13.7000000000000
12.5000000000000
12.8000000000000
12.3000000000000
15.2000000000000
15
16.4000000000000
16.1000000000000
14.6000000000000
18.2000000000000
16.4000000000000
16.6000000000000
14.7000000000000
15.8000000000000
14.1000000000000
13.5000000000000
13.6000000000000
13.7000000000000
13.6000000000000
12.1000000000000
12.7000000000000
13.3000000000000
14.2000000000000
15
13.7000000000000
12
13.1000000000000
13.2000000000000
13.3000000000000
11.5000000000000
10.8000000000000
12
16.3000000000000
14.4000000000000
12.9000000000000
13.8000000000000
10.6000000000000
12.6000000000000
13.7000000000000
12.6000000000000
13.1000000000000
15.4000000000000
11.9000000000000
13.8000000000000
14.4000000000000
15.2000000000000
12.5000000000000
12.2000000000000
16.1000000000000
14.6000000000000
11.6000000000000
13.1000000000000
12.8000000000000
15.2000000000000
13.8000000000000
15
13.5000000000000
11.8000000000000
15.3000000000000
13.5000000000000
15.3000000000000
13.8000000000000
15.8000000000000
17.4000000000000
15.3000000000000
14.6000000000000
14.8000000000000
10.7000000000000
11.6000000000000
13.6000000000000
14.4000000000000
11.8000000000000
15.8000000000000
16
11.8000000000000
14.5000000000000
10.7000000000000
14.2000000000000
19.5000000000000
21.4000000000000
17.9000000000000
17.4000000000000
12.7000000000000
13.8000000000000
14
15
14.5000000000000
13.1000000000000
11.4000000000000
12.5000000000000
12
13.4000000000000
14.4000000000000
17.7000000000000
13.9000000000000
13.3000000000000
14.6000000000000
16.4000000000000
16.8000000000000
20
12.5000000000000
12.7000000000000
11.7000000000000
12.7000000000000
8.60000000000000
11.9000000000000
16
15.2000000000000
13.4000000000000
11.6000000000000
11.1000000000000
15.6000000000000
17
18.5000000000000
17.4000000000000
16.5000000000000
16.2000000000000
16.1000000000000
13.2000000000000
18
12.8000000000000
11.7000000000000
16.7000000000000
15.6000000000000
10.2000000000000
10.3000000000000
15
18
13.8000000000000
10.5000000000000
11.8000000000000
7.20000000000000
11.6000000000000
7.40000000000000
14.2000000000000
12.2000000000000
9
12.3000000000000
19.7000000000000
12.8000000000000
12.4000000000000
12
12
11.1000000000000
12.7000000000000
14.2000000000000
11.6000000000000
12
11.5000000000000
8.30000000000000
10.5000000000000
9
6.90000000000000
9.40000000000000
11.1000000000000
9.10000000000000
7.70000000000000
10
10.4000000000000
8
9.80000000000000
12.4000000000000
12.9000000000000
12.3000000000000
6.90000000000000
10.5000000000000
11
9.70000000000000
11.1000000000000
11.5000000000000
13.4000000000000
10.9000000000000
12
12.1000000000000
10.4000000000000
10
9.60000000000000
11.3000000000000
8.50000000000000
6.30000000000000
8.20000000000000
10.7000000000000
10.3000000000000
9.50000000000000
10.9000000000000
10.9000000000000
4.30000000000000
5.20000000000000
11
11.6000000000000
10.6000000000000
9.40000000000000
10
9.60000000000000
9.50000000000000
9.70000000000000
9.60000000000000
7
7
6.80000000000000
6.90000000000000
8
7.60000000000000
8.60000000000000
5.70000000000000
5.50000000000000
5.70000000000000
5.70000000000000
6.60000000000000
6
6.90000000000000
7.70000000000000
8
3.90000000000000
0.800000000000000
2.80000000000000
8
9.80000000000000
11.4000000000000
8.60000000000000
5.20000000000000
6.60000000000000
5.70000000000000
4.60000000000000
5.80000000000000
7
4.80000000000000
4.40000000000000
4.40000000000000
7.90000000000000
10.6000000000000
5
7.60000000000000
9.20000000000000
9.70000000000000
8.80000000000000
6.80000000000000
9.40000000000000
11
2.50000000000000
2.10000000000000
5.40000000000000
6.20000000000000
7.80000000000000
7.40000000000000
9.30000000000000
9.30000000000000
9.50000000000000
8.50000000000000
10
7.70000000000000
9.30000000000000
9.10000000000000
3.50000000000000
3.60000000000000
2.50000000000000
1.70000000000000
2.70000000000000
2.90000000000000
5.30000000000000
7.70000000000000
9.10000000000000
9.40000000000000
7.30000000000000
8.40000000000000
9.20000000000000
6.60000000000000
9.70000000000000
12.4000000000000
10.2000000000000
5.90000000000000
7.10000000000000
7.50000000000000
9.70000000000000
12.2000000000000
5.60000000000000
5.40000000000000
8.30000000000000
10.6000000000000
9.10000000000000
11.3000000000000
10.9000000000000
8.90000000000000
6.30000000000000
9
6.10000000000000
9.10000000000000
9.60000000000000
6
10
11
6.20000000000000
8.30000000000000
11.3000000000000
11.3000000000000
6.70000000000000
6.60000000000000
11.4000000000000
6.90000000000000
10.6000000000000
8.60000000000000
11.3000000000000
12.5000000000000
9.90000000000000
6.90000000000000
5.50000000000000
7.80000000000000
11
16.2000000000000
9.90000000000000
8.70000000000000
10.5000000000000
12.2000000000000
10.6000000000000
8.30000000000000
5.50000000000000
9
6.40000000000000
7.20000000000000
12.9000000000000
12
7.30000000000000
9.70000000000000
8.40000000000000
14.7000000000000
9.50000000000000
7.90000000000000
6.80000000000000
12.6000000000000
5.20000000000000
7.50000000000000
8.70000000000000
7.60000000000000
9
7.20000000000000
10.7000000000000
13.1000000000000
13.9000000000000
10.8000000000000
10.4000000000000
9.10000000000000
16
21
16.2000000000000
8.60000000000000
9.20000000000000
12.5000000000000
9.70000000000000
12.5000000000000
10.3000000000000
12
11
14.8000000000000
15
15.3000000000000
10.3000000000000
10.7000000000000
10.5000000000000
8.90000000000000
8.10000000000000
11.5000000000000
12.8000000000000
9.10000000000000
14.6000000000000
11.6000000000000
11.2000000000000
12.6000000000000
7.50000000000000
11
14.5000000000000
18.5000000000000
15.4000000000000
13.1000000000000
16.3000000000000
20.2000000000000
11.5000000000000
12.4000000000000
10.9000000000000
12.7000000000000
12.2000000000000
12.4000000000000
9.80000000000000
8.50000000000000
14.7000000000000
12
10.3000000000000
11
10.2000000000000
12.6000000000000
11.6000000000000
9.70000000000000
13.4000000000000
10.5000000000000
14.7000000000000
14.6000000000000
14.2000000000000
13.2000000000000
11.7000000000000
17.2000000000000
12.3000000000000
13.8000000000000
15.3000000000000
15.6000000000000
16.2000000000000
16.3000000000000
16.8000000000000
11
8.50000000000000
13.2000000000000
13
12.4000000000000
13
16.6000000000000
12
12.4000000000000
15
11.8000000000000
11.6000000000000
12.2000000000000
13.7000000000000
11.2000000000000
12.4000000000000
11.5000000000000
13.8000000000000
15.7000000000000
12.9000000000000
11.5000000000000
11
12.7000000000000
14.9000000000000
16.5000000000000
12.8000000000000
12.7000000000000
12.7000000000000
11.6000000000000
13.3000000000000
15.2000000000000
16.4000000000000
11.9000000000000
15.1000000000000
10.6000000000000
13.6000000000000
12.1000000000000
16
16.8000000000000
16.6000000000000
15.6000000000000
15.2000000000000
17.7000000000000
21
13.4000000000000
10.5000000000000
9.50000000000000
12
10.4000000000000
11.5000000000000
13.2000000000000
15
14.1000000000000
12.4000000000000
13.4000000000000
12.5000000000000
14.3000000000000
17.6000000000000
10.4000000000000
9.90000000000000
10.2000000000000
11.3000000000000
9.50000000000000
11.8000000000000
11.5000000000000
10.5000000000000
10.8000000000000
13
18.5000000000000
18.7000000000000
15
13
11.3000000000000
13
13.3000000000000
11
10.3000000000000
13
12.3000000000000
15.6000000000000
10.2000000000000
10.8000000000000
12
13.3000000000000
11.7000000000000
12.5000000000000
13.7000000000000
14.9000000000000
20.2000000000000
16.3000000000000
13.9000000000000
10.1000000000000
7.30000000000000
14
17.7000000000000
16.3000000000000
10.6000000000000
9.70000000000000
7.80000000000000
10.4000000000000
10.4000000000000
14.1000000000000
7.10000000000000
8.10000000000000
7.80000000000000
10.6000000000000
9.10000000000000
9
11.9000000000000
17.1000000000000
16.8000000000000
13.5000000000000
11.6000000000000
7
9.70000000000000
9.90000000000000
11.2000000000000
11.3000000000000
11.8000000000000
9.90000000000000
7.10000000000000
9.60000000000000
9.80000000000000
10.6000000000000
12.8000000000000
16.5000000000000
11.7000000000000
12.3000000000000
12.2000000000000
11.8000000000000
10.7000000000000
10.2000000000000
10
8.30000000000000
6.60000000000000
9.50000000000000
12.3000000000000
7.60000000000000
9.30000000000000
5
4.30000000000000
6.40000000000000
10.8000000000000
7.80000000000000
8.50000000000000
9.70000000000000
10
11
10.2000000000000
6.60000000000000
6.10000000000000
5.90000000000000
8.90000000000000
13
12.6000000000000
5.40000000000000
6
7.80000000000000
9
4.20000000000000
3
4.50000000000000
6.20000000000000
11.9000000000000
11.8000000000000
9.40000000000000
9.60000000000000
9.40000000000000
7
8.90000000000000
9.30000000000000
6.80000000000000
7.50000000000000
8
8.30000000000000
2.70000000000000
3.90000000000000
4.10000000000000
5
5.80000000000000
4.40000000000000
4.10000000000000
5.80000000000000
9.10000000000000
7.90000000000000
5
2.80000000000000
4.70000000000000
8.90000000000000
5.40000000000000
7.10000000000000
9
9.40000000000000
6.30000000000000
7
6.40000000000000
6.70000000000000
1.50000000000000
2.90000000000000
4.80000000000000
6.30000000000000
5.70000000000000
7
8.80000000000000
8.70000000000000
9
9.60000000000000
8
8.40000000000000
8.10000000000000
9
5.30000000000000
8.90000000000000
8.70000000000000
4.90000000000000
7
7.50000000000000
7
9.10000000000000
11.8000000000000
9.90000000000000
5.60000000000000
4.20000000000000
4.30000000000000
8
5.10000000000000
9.40000000000000
9.10000000000000
9.70000000000000
10.6000000000000
8.60000000000000
10.1000000000000
11
9.70000000000000
5
6.10000000000000
5.40000000000000
5.80000000000000
7.30000000000000
6.30000000000000
4.80000000000000
7.60000000000000
8.10000000000000
9.50000000000000
10.3000000000000
7
9
10.2000000000000
6.80000000000000
9.30000000000000
9.80000000000000
10.7000000000000
7.80000000000000
9.20000000000000
15
7.80000000000000
5.30000000000000
9.50000000000000
7.60000000000000
14
14.9000000000000
14.9000000000000
19.2000000000000
17
13
11.2000000000000
9.50000000000000
10.3000000000000
9.30000000000000
11.3000000000000
6.50000000000000
12
8.30000000000000
8.70000000000000
8.70000000000000
10.2000000000000
6.90000000000000
4.90000000000000
10
7.60000000000000
14.5000000000000
13.2000000000000
9.90000000000000
10.1000000000000
11.3000000000000
10.4000000000000
10.9000000000000
9.20000000000000
10.5000000000000
11.4000000000000
13.5000000000000
9.80000000000000
13.1000000000000
9.70000000000000
11.4000000000000
9.90000000000000
14.4000000000000
19
23
15.4000000000000
9.60000000000000
10.8000000000000
12.1000000000000
11
12.6000000000000
14.7000000000000
11.1000000000000
10.1000000000000
11.4000000000000
13
11.9000000000000
9.50000000000000
13.5000000000000
15.2000000000000
18.4000000000000
24.1000000000000
14.1000000000000
10.7000000000000
8.70000000000000
13.3000000000000
11.6000000000000
9.90000000000000
10.8000000000000
11.5000000000000
10
13.9000000000000
13.6000000000000
11.9000000000000
11.1000000000000
8.20000000000000
9.40000000000000
12.7000000000000
11.6000000000000
11
11.3000000000000
13.4000000000000
14.9000000000000
15.2000000000000
13.9000000000000
15
16.2000000000000
17.7000000000000
20.5000000000000
14.7000000000000
12.5000000000000
10.9000000000000
12.8000000000000
12.7000000000000
11.2000000000000
11.4000000000000
11.2000000000000
12.1000000000000
12.7000000000000
16.2000000000000
14.2000000000000
14.3000000000000
13.3000000000000
16.7000000000000
15.3000000000000
14.3000000000000
13.5000000000000
15
13.6000000000000
15.2000000000000
17
18.7000000000000
16.5000000000000
17.4000000000000
18.3000000000000
18.3000000000000
22.4000000000000
21.4000000000000
20.9000000000000
17.6000000000000
15.5000000000000
16.6000000000000
16.2000000000000
15.6000000000000
14.5000000000000
14
15.6000000000000
12.3000000000000
11.6000000000000
12.6000000000000
14.9000000000000
17.3000000000000
21.4000000000000
23.4000000000000
14.4000000000000
14.1000000000000
15
14.5000000000000
15.1000000000000
13.9000000000000
13.4000000000000
9.20000000000000
12.5000000000000
15.1000000000000
12.1000000000000
14.5000000000000
16.3000000000000
16.5000000000000
14.9000000000000
13.2000000000000
11.8000000000000
13.6000000000000
16.2000000000000
14.1000000000000
13.5000000000000
15
14.8000000000000
16.2000000000000
16.2000000000000
13.3000000000000
15.3000000000000
18.4000000000000
16.2000000000000
16.3000000000000
12.4000000000000
15.6000000000000
14.9000000000000
14.8000000000000
12.7000000000000
14.2000000000000
16.8000000000000
16.7000000000000
16.2000000000000
14.5000000000000
10
12.6000000000000
11.9000000000000
11.8000000000000
13.4000000000000
14.5000000000000
15.7000000000000
15.3000000000000
13.9000000000000
13.7000000000000
15.1000000000000
15.6000000000000
14.4000000000000
13.9000000000000
16.2000000000000
16.7000000000000
15.5000000000000
16.4000000000000
17.5000000000000
18.2000000000000
16.1000000000000
16.5000000000000
14.6000000000000
16.4000000000000
13.6000000000000
15.9000000000000
11.9000000000000
14.7000000000000
9.40000000000000
6.60000000000000
7.90000000000000
11
15.7000000000000
15.2000000000000
15.9000000000000
10.6000000000000
8.30000000000000
8.60000000000000
12.7000000000000
10.5000000000000
12
11.1000000000000
13
12.4000000000000
13.3000000000000
15.9000000000000
12
13.7000000000000
17.6000000000000
14.3000000000000
13.7000000000000
15.2000000000000
14.5000000000000
14.9000000000000
15.5000000000000
16.4000000000000
14.5000000000000
12.6000000000000
13.6000000000000
11.2000000000000
11
12
6.80000000000000
10.6000000000000
13.1000000000000
13.5000000000000
11.7000000000000
13.2000000000000
12
10.4000000000000
10
8.20000000000000
9.40000000000000
10.3000000000000
8.10000000000000
8.70000000000000
12.6000000000000
10.9000000000000
8.70000000000000
9.30000000000000
6.30000000000000
7.80000000000000
10
11
11.1000000000000
12.6000000000000
10.2000000000000
11.1000000000000
8.70000000000000
9.50000000000000
9.70000000000000
8.20000000000000
5
6.50000000000000
12.1000000000000
8.90000000000000
6.10000000000000
2.80000000000000
3.70000000000000
6.80000000000000
6.60000000000000
7
7.30000000000000
7.90000000000000
10.6000000000000
8.10000000000000
6.70000000000000
8
10
6.70000000000000
9.40000000000000
9.30000000000000
6
5.80000000000000
4.90000000000000
5
8.40000000000000
12.3000000000000
13
11.4000000000000
6.80000000000000
7.60000000000000
12.4000000000000
7.10000000000000
7.50000000000000
10
5.30000000000000
6.30000000000000
8
8.30000000000000
9.30000000000000
9.50000000000000
5.60000000000000
7
8.50000000000000
8.50000000000000
8.20000000000000
8.50000000000000
9.60000000000000
9.70000000000000
7.10000000000000
8.40000000000000
9.20000000000000
9.80000000000000
8.10000000000000
9.40000000000000
10
5.10000000000000
6.70000000000000
6.90000000000000
6.80000000000000
8.60000000000000
9.10000000000000
3.90000000000000
4.80000000000000
8.40000000000000
11.6000000000000
12.1000000000000
12.4000000000000
10
10.1000000000000
9.70000000000000
11.7000000000000
7.90000000000000
8.60000000000000
7.70000000000000
5.80000000000000
8.70000000000000
10.6000000000000
6.70000000000000
8.80000000000000
9.70000000000000
9
11.8000000000000
15.2000000000000
10
10.5000000000000
5.50000000000000
9.40000000000000
8.80000000000000
5.30000000000000
13
15.2000000000000
13.2000000000000
11.5000000000000
6.80000000000000
4.70000000000000
5.20000000000000
6.80000000000000
10.7000000000000
10.1000000000000
10
9.80000000000000
5.50000000000000
13.5000000000000
16.6000000000000
8.40000000000000
8.20000000000000
11.1000000000000
10.8000000000000
8.80000000000000
10.8000000000000
8.70000000000000
12.4000000000000
9
13.5000000000000
14.7000000000000
10.9000000000000
8.50000000000000
6
12.7000000000000
11.1000000000000
8.70000000000000
12.3000000000000
13.3000000000000
5.60000000000000
13.7000000000000
8.50000000000000
11.2000000000000
8.70000000000000
11.7000000000000
12.5000000000000
8.20000000000000
15.6000000000000
10.3000000000000
11.4000000000000
9.70000000000000
6.30000000000000
14.3000000000000
11.3000000000000
7.30000000000000
12.8000000000000
11.9000000000000
14.3000000000000
11.6000000000000
13.2000000000000
15.5000000000000
14.1000000000000
9.50000000000000
7.20000000000000
11.8000000000000
16.8000000000000
12.5000000000000
9.40000000000000
11.9000000000000
10.3000000000000
16.9000000000000
17.5000000000000
7.50000000000000
8.60000000000000
11.1000000000000
11.5000000000000
10.7000000000000
15.7000000000000
12.8000000000000
13
12.9000000000000
14.3000000000000
13.7000000000000
12.1000000000000
11.9000000000000
11.8000000000000
11.4000000000000
10.3000000000000
11.7000000000000
12
17.4000000000000
16.8000000000000
16.2000000000000
13
12.5000000000000
12.4000000000000
16.1000000000000
20.2000000000000
14.3000000000000
11
14.4000000000000
15.7000000000000
19.7000000000000
20.7000000000000
23.9000000000000
16.6000000000000
17.5000000000000
14.9000000000000
13.6000000000000
11.9000000000000
15.2000000000000
17.3000000000000
19.8000000000000
15.8000000000000
9.50000000000000
12.9000000000000
12.9000000000000
14.8000000000000
14.1000000000000
14.3000000000000
17.4000000000000
18.5000000000000
16.8000000000000
11.5000000000000
9.50000000000000
12.2000000000000
15.7000000000000
16.3000000000000
13.6000000000000
12.6000000000000
13.8000000000000
12.1000000000000
13.4000000000000
17.3000000000000
19.4000000000000
16.6000000000000
13.9000000000000
13.1000000000000
16
14.5000000000000
15
12.6000000000000
12.5000000000000
15.2000000000000
16.2000000000000
16.5000000000000
20.1000000000000
20.6000000000000
16.9000000000000
16.5000000000000
16.1000000000000
14.4000000000000
16.3000000000000
15.7000000000000
14.2000000000000
13.2000000000000
16.8000000000000
18.5000000000000
16.7000000000000
15.3000000000000
15.9000000000000
15.2000000000000
17.5000000000000
18.3000000000000
19.4000000000000
19.4000000000000
19.5000000000000
20.5000000000000
15.7000000000000
15
16.1000000000000
14.3000000000000
13
16.2000000000000
17.7000000000000
13.2000000000000
15.8000000000000
18.5000000000000
20.4000000000000
22
19.7000000000000
19.6000000000000
20.3000000000000
18.3000000000000
18.9000000000000
20.3000000000000
21.4000000000000
18.3000000000000
17.8000000000000
17.7000000000000
12.8000000000000
15.1000000000000
15
14.8000000000000
12
12.5000000000000
15
17.1000000000000
17.3000000000000